0 1 2 3 4
5
6 7
8 9
10
11 6
11 6
11 6
11 6
12 13 14 15
16 9
17
18
18
18
18
19
19
19
19
17 20 21
22 23 24
11 6 25
26 17 27 28 29
30
30
31 32
33 6
34 35 36 37 38 39 40 41
42
43 44 45
46
47
48 49 50
51
52 12
53 54
55
55
56 6
57
57
58 17 17 59
6 32 7
17 60 11 59
61 6 62
61 6 62
61 6 62
63 52 54 60 15 64
54 65
54 66 17 60
17 37
17 37
67
68 53 15
6 69
68
6 20 70
52 6 32
6 71
33
72 73 12 74 75 76
77 78 79
80 22 23 11 6 39 81
82 43 83 49 6 84
82 43 83 49 6 84
82 43 83 49 6 84
82 43 83 49 6 84
85 86 87
6 88
89 17 28 15 87 29
90 17 91
6 7 92
17 64
93
94 95
63 75
96 6
82 43
97
97
52 98 12 99
100 101 102 103
52 6
52 6
52 6
52 6
43 0
52 32
104 105
106
47
107
9
9
9
9
9
9
9
9
9
9
9
9
9
9
9
9
9
9
9
108 57
109
52 6 64
6
6
6
6
6
6
6
6
6
6
6
6
6
6
6
6
6
6
6
6
6
6
6
6
6
6
6
6
6
6
6
6
77
77
110
110
110
110
110
110
23 85
6
6
6
52 12 54 111
112
113 114 43 115
116
17 60
117 9 118 119
120 9 121 122 123
33
124 85 89 125 11 126 127 6 128 129 130 76
52 6 45 131 64
23 85 6 132
17
63 133 86 134
124 43 135 136 137 138 64
17 139
12
12
12
63 20
31
85 61 2 140 6 141
17
142
17
6 69
133
67 32
143
32
32
32
32
32
32
144 12
145 85 17 59 69 146 147
43 96
148 149 63 150 151 11 15 6
140 32
140 32
63 152 6 75
52 132
12 153 154 155
156 157
22 158 159 114 160 161 162 163 164 165 166 57 67 167 39 168 169 170 171 172
22 158 159 114 160 161 162 163 164 165 166 57 67 167 39 168 169 170 171 172
6
173 174 175 176 39 75
12
12
98 177
178 57 32
77 179 9
77 179 9
180 181
52 43
111 17
64
182
183 184 125 185
183 184 125 185
22 23 186 187
188
189
6 190
6 69 191
6 192
6 192
193 194
9 64
9 64
31 11 6
52 22 33 57 37
195 196
197 9 57
6 132
6 132
54 17 17 198 24 37
199
199
199
199
199
199
199
200
201
55 52
64
64
52
52
52
202 203
60
204 86
9
9
96 17
205 206
207
53 186 17
33 6 37
147 64
63 22 208 67 32
201
31 209
12 147
210
104 211 105
212 213 214 215 17 60 57 75
12 216
63 217
151
57 6 47
12 54 218
219
219
220 6 155
49 221
52 67 222
223 224 64
223 224 64
223 224 64
100 133 225
226 227 16 228 229
208 230
231
193 17 64
232
178 6 7
233 52 17 139 6 64
234
235
236 22 237 11 238 6 45 39
239 132
25
52 12 6
63 23 85 54 17 60 6
49
22 109 240 241 174 17
242 243
244 245 22 43 96
246
63 10
52 12 247 9
248 249
124 43 135 136 137 64
11 6
250
250
250
22 17 60 64
6 132
31 22 12 6 32
144 12
52 22 6 32
6 47
6 32
6 32
6 32
6 32
251
214 11
252
252
53 47
31 253 7
98 17 177
12 43 218 254
17 59 6 132
59
255
23 87
2 47 141
256 257 258
259 6 32
260 135 17 69 75
43 111 17
261 6 262
52 188 12 45 87
208 249
31 12 14 87
14
14
52
6 64
263
22 147
264
264
264
264
42 265
266 14
22 267 23 85 6 21
32 7
6
33 6 268
57 6
269
6 270
96 17 17 271 140 115 57 272
273 6
19 274
133 28 29
275 37
276 220
23 6
52 60
277 6
132
132
132
132
132
132
132
132
132
218 62
278
249
28 29
63 16
63 16
63 16
63 16
63 16
22 72 56 17 28 57 6 268 37
279 86 143
280 281 282
6 47
283 87
284 256 218
100 285 286
214 287 17 11 6 87
288
289 203
12
12
12
12
12
63 6 69 191
6 290
146
146
111
291 273 6
292 119
96
293
63 49
22 12 6 32
52 22 87
6
6
6
22 23 85 54 17 15 6 253
6
294 201 11 86 50
295
207 11 140 25
296
52 13 25
48 31 12 49
6 297
227 22 23 85 11 57 6 298 299 296 300 39
301 302
54 303 17 17 198 37
304 305
306 307 308
128 309
31
31
23 14 310
23 17 60 6
6 253 7
64
64
64
63 6 67
96 57
22 12 311 147 64
52 43
312 22 85 313 314 315 316 11 317 6
237 11 6 45 318 319 320
193
321 57
322 323
149 49 324
52
42 49 189
325 52 22 188
284
326
52 6
327 328 6
52 47
329
201 330
88
88
88
88
17 60 11 331 6
43 17
6
6
6
6
6
6
6
6
6
6
6
6
6
6
6
6
332 333 132 190
334 7
11 33 57
335 336
6
6
6
6
6
6
6
6
6
6
6
6
6
6
6
6
6
6
6
6
6
6
6
6
6
6
6
6
6
6
6
6
6
6
6
6
6
6
6
6
6
6
6
6
6
6
6
6
6
6
6
6
6
6
6
6
6
6
6
6
6
6
6
6
6
6
6
6
6
6
6
6
6
6
6
6
6
6
6
6
6
6
6
6
6
6
31 17 60 6 337 64
296
17 20
150 32
338
63 60 103 64
133 339
132
43
43
43
43
43
11 6
227 340
341
37 64
342
343
12 147 253 64
85 86 28 29
77 344
25
25
15
109 300
345
345
25
268
53
6 346
52 43
17 9
17 9
347 59
52 17 60 11 6
132 75
348
119 64
349
155
350
350
201 351
6
6
6
146 75
2 352
86 132
139
353
353
354 355 356
63 12 17 228 64
53
357 220
202 59 203
358
358
358
358
358
359 9 95
53 329 17 11 256 115 6
53 329 17 11 256 115 6
53 329 17 11 256 115 6
111 17 17 60 337
360 12 361
362 363 52 214 12 364 365
63
63
63
366 367
366 367
368 43 369 6
11 6
11 6
63 54 300
11 6
11 6
370 371 57 372 119 37
6
6
47
77
31 12 287 6
52 373 86
24
85 269 86 59
374
201
201
201
201
201
2 375 115 376
43 7
17 17 60 86 6 64
377
133 265
80 52 22 12 6 147
80 52 22 12 6 147
6 21 32
52 12 17 60 6
6 62
6 62
6 62
6 62
6 62
6 62
6 62
6 62
6 62
6 62
6 62
6 62
6 62
6 62
6 62
378 284
6 20 146 7
379 52 12 380 381 64
31 6
31 6
382
383
383
384 87
152 385 154 132
32
32
32
32
32
86 386 6
387
6 21
227 22 329 85 11 6 388 389
268 290
390 31 188 43 11 57 308 391
23
31 43 76
392 54 393
119 64
119 64
119 64
33 57
20 21
59
394
395
13 396 17 249 25
397
57
22 17 11 253 64
253
52 6
17 32
398
62
62
62
43 253 7
350
350
23 14
239 17 399
31 160 57 6
43 96 400
52 401 33 57
158
152 402
52 403 17 45
52
33
63 404 405 406 15
60 11 6
6
6
80 52 22 12 11 6 147
343
343
13 407 11 25
52 12 11
31 12 17 6 87
53 54 17
61 17
6 6 47
408 409
140 268
6 67
72 6
410 411
360 12
155
155
412
42 413
60 11 6
61
72 132
12 414
415 6
43 32
124 119 64
124 119 64
124 119 64
124 119 64
72 416 43 17
264 417 17 304 305
418 419
418 419
418 419
33
33
33
33
33
52 22 420 17 11 6 39
52 22 420 17 11 6 39
33 6
214 421 303 24 422
63 119
12 135 304 423 424 168
425
6
32
47
20
20
20
20
20
20
426
426
133 269
6 67
22 204 12 427 43 17 6 428 429 87
214 47 64
325 52 22 188 82 43
12 430
39
275 6 20
431 54 6
64
64
64
64
64
64
64
432 433
42
